[gd_scene load_steps=8 format=2]

[ext_resource path="res://world/client/BarPillarMesh512.tscn" type="PackedScene" id=1]
[ext_resource path="res://world/client/BarPillarMesh128.tscn" type="PackedScene" id=2]
[ext_resource path="res://world/client/SpawnBlockMesh.gd" type="Script" id=3]

[sub_resource type="Gradient" id=3]
offsets = PoolRealArray( 0, 0.44586, 0.726115, 1 )
colors = PoolColorArray( 0, 0, 0, 1, 0.0310974, 0.995117, 0.955577, 1, 0.88535, 0.88535, 0.88535, 1, 1, 1, 1, 1 )

[sub_resource type="GradientTexture" id=4]
gradient = SubResource( 3 )

[sub_resource type="SpatialMaterial" id=1]
albedo_color = Color( 0.627451, 0.054902, 0.501961, 0.380392 )
albedo_texture = SubResource( 4 )

[sub_resource type="CubeMesh" id=2]
material = SubResource( 1 )
size = Vector3( 1000, 10, 1000 )

[node name="Spatial" type="Spatial"]
script = ExtResource( 3 )

[node name="GroundLevel0" type="MeshInstance" parent="."]
mesh = SubResource( 2 )

[node name="GroundLevel1" type="MeshInstance" parent="."]
transform = Transform( 1, 0, 0, 0, 1, 0, 0, 0, 1, 0, 251, 0 )
mesh = SubResource( 2 )

[node name="GroundLevel2" type="MeshInstance" parent="."]
transform = Transform( 1, 0, 0, 0, 1, 0, 0, 0, 1, 0, 382, 0 )
mesh = SubResource( 2 )

[node name="512VBar0" parent="." instance=ExtResource( 1 )]
transform = Transform( 1, 0, 0, 0, 1, 0, 0, 0, 1, -500, 260, 500 )

[node name="512VBar1" parent="." instance=ExtResource( 1 )]
transform = Transform( 1, 0, 0, 0, 1, 0, 0, 0, 1, 500, 260, 500 )

[node name="512VBar2" parent="." instance=ExtResource( 1 )]
transform = Transform( 1, 0, 0, 0, 1, 0, 0, 0, 1, 500, 260, -500 )

[node name="512VBar3" parent="." instance=ExtResource( 1 )]
transform = Transform( 1, 0, 0, 0, 1, 0, 0, 0, 1, -500, 260, -500 )

[node name="512HBar0" parent="." instance=ExtResource( 1 )]
transform = Transform( 1, 0, 0, 0, -4.37114e-08, -1, 0, 1, -4.37114e-08, -500, 512, 251 )

[node name="512HBar1" parent="." instance=ExtResource( 1 )]
transform = Transform( 1, 0, 0, 0, -4.37114e-08, -1, 0, 1, -4.37114e-08, -500, 512, -251 )

[node name="512HBar2" parent="." instance=ExtResource( 1 )]
transform = Transform( -4.37114e-08, 1, -4.37114e-08, 0, -4.37114e-08, -1, -1, -4.37114e-08, 1.91069e-15, -256, 512, -500 )

[node name="512HBar3" parent="." instance=ExtResource( 1 )]
transform = Transform( -4.37114e-08, 1, -4.37114e-08, 0, -4.37114e-08, -1, -1, -4.37114e-08, 1.91069e-15, 250, 512, -500 )

[node name="512HBar4" parent="." instance=ExtResource( 1 )]
transform = Transform( 1, 0, 0, 0, -4.37114e-08, -1, 0, 1, -4.37114e-08, 500, 512, -251 )

[node name="512HBar5" parent="." instance=ExtResource( 1 )]
transform = Transform( 1, 0, 0, 0, -4.37114e-08, -1, 0, 1, -4.37114e-08, 500, 512, 251 )

[node name="512HBar6" parent="." instance=ExtResource( 1 )]
transform = Transform( -4.37114e-08, 1, -4.37114e-08, 0, -4.37114e-08, -1, -1, -4.37114e-08, 1.91069e-15, -256, 512, 500 )

[node name="512HBar7" parent="." instance=ExtResource( 1 )]
transform = Transform( -4.37114e-08, 1, -4.37114e-08, 0, -4.37114e-08, -1, -1, -4.37114e-08, 1.91069e-15, 250, 512, 500 )

[node name="128VBar0" parent="." instance=ExtResource( 2 )]
transform = Transform( 1, 0, 0, 0, 1, 0, 0, 0, 1, 500, 69, 0 )

[node name="128VBar1" parent="." instance=ExtResource( 2 )]
transform = Transform( 1, 0, 0, 0, 1, 0, 0, 0, 1, -500, 448, 0 )

[node name="512DBar0" parent="." instance=ExtResource( 1 )]
transform = Transform( 1, 0, 0, 0, 0.733125, 0.680094, 0, -0.680094, 0.733125, -500, 196.579, 174.757 )

[node name="512DBar1" parent="." instance=ExtResource( 1 )]
transform = Transform( -1, -5.94557e-08, 6.40918e-08, 0, 0.733125, 0.680094, -8.74228e-08, 0.680094, -0.733125, -500, 196.579, -174.823 )

[node name="512DBar2" parent="." instance=ExtResource( 1 )]
transform = Transform( 1, 0, 0, 0, 0.733125, -0.680094, 0, 0.680094, 0.733125, 499.443, 319.431, 174.757 )

[node name="512DBar3" parent="." instance=ExtResource( 1 )]
transform = Transform( -1, -5.94557e-08, -6.40918e-08, 0, 0.733125, -0.680094, 8.74228e-08, -0.680094, -0.733125, 499.443, 319.431, -174.274 )

[node name="512DBar4" parent="." instance=ExtResource( 1 )]
transform = Transform( -3.68001e-08, 0.968196, 0.250194, 2.3589e-08, 0.250194, -0.968196, -1, -2.97279e-08, -3.20459e-08, 251.576, 319.431, -500 )

[node name="512DBar5" parent="." instance=ExtResource( 1 )]
transform = Transform( -4.37114e-08, -0.968196, -0.250194, 0, 0.250194, -0.968196, 1, -4.23212e-08, -1.09363e-08, -251.713, 319.431, -500 )

[node name="512DBar6" parent="." instance=ExtResource( 1 )]
transform = Transform( -4.37114e-08, 0.861532, -0.507704, 0, 0.507704, 0.861531, 1, 3.76587e-08, -2.21924e-08, -280.947, 319.44, -500 )

[node name="512DBar7" parent="." instance=ExtResource( 1 )]
transform = Transform( -4.37114e-08, -0.861532, 0.507704, 0, 0.507704, 0.861532, -1, 3.76587e-08, -2.21924e-08, 279.504, 319.431, -500 )

[node name="128VBar2" parent="." instance=ExtResource( 2 )]
transform = Transform( 1, 0, 0, 0, 1, 0, 0, 0, 1, 0, 447, -500 )

[node name="128HBar0" parent="." instance=ExtResource( 2 )]
transform = Transform( -4.37114e-08, -1, 0, 1, -4.37114e-08, 0, 0, 0, 1, 0, 447, -500 )

[node name="512DBar8" parent="." instance=ExtResource( 1 )]
transform = Transform( -3.68001e-08, 0.968196, 0.250194, 2.3589e-08, 0.250194, -0.968196, -1, -2.97279e-08, -3.20459e-08, 251.576, 319.431, 499.758 )

[node name="512DBar9" parent="." instance=ExtResource( 1 )]
transform = Transform( -4.37114e-08, -0.968196, -0.250194, 0, 0.250194, -0.968196, 1, -4.23212e-08, -1.09363e-08, -251.713, 319.431, 499.758 )

[node name="512DBar10" parent="." instance=ExtResource( 1 )]
transform = Transform( -4.37114e-08, 0.861532, -0.507704, 0, 0.507704, 0.861531, 1, 3.76587e-08, -2.21924e-08, -280.947, 319.44, 499.758 )

[node name="512DBar11" parent="." instance=ExtResource( 1 )]
transform = Transform( -4.37114e-08, -0.861532, 0.507704, 0, 0.507704, 0.861532, -1, 3.76587e-08, -2.21924e-08, 279.504, 319.431, 499.758 )

[node name="128VBar3" parent="." instance=ExtResource( 2 )]
transform = Transform( 1, 0, 0, 0, 1, 0, 0, 0, 1, 0, 447, 499.758 )

[node name="128HBar1" parent="." instance=ExtResource( 2 )]
transform = Transform( -4.37114e-08, -1, 0, 1, -4.37114e-08, 0, 0, 0, 1, 0, 447, 499.758 )
